334 315
325 346
323 380
326 416
335 452
346 485
360 518
371 549
396 563
438 561
490 546
548 528
602 503
639 464
655 415
658 360
658 307
317 275
322 259
339 257
360 265
379 277
411 270
448 255
486 248
524 260
554 281
393 304
383 333
372 361
361 390      1
352 405
364 414
380 419
401 416
422 411
341 302
348 292
365 293
385 305
366 309
348 310
449 307
465 294
487 296
511 304
489 313
466 313
350 465
354 454
366 449
380 455
397 451
427 459
460 471
427 481
399 486
380 486
364 483
354 477
355 464
367 460
381 463
398 463
448 470
397 463
379 463
365 460
