600 897
603 1012
616 1126
637 1242
672 1350
741 1445
827 1530
925 1597
1037 1612
1147 1592
1247 1519
1332 1435
1399 1339
1428 1230
1439 1116
1452 1003
1459 892
660 834
713 773
794 756
871 769
950 798
1111 797
1194 767
1273 757
1353 777
1404 837
1029 881
1029 959
1028 1037
1028 1116
950 1160
987 1178
1029 1193
1069 1177
1107 1161
760 885
805 856
866 858
909 892
860 904
803 906
1149 893
1193 860
1252 858
1296 889
1257 909
1202 907
875 1309
935 1292
988 1279
1032 1293
1079 1280
1133 1295
1195 1308
1137 1351
1084 1377
1033 1382
984 1378
933 1352
903 1317
986 1317
1031 1324
1081 1318
1167 1315
1081 1317
1032 1324
986 1317
