829 631
827 671
833 713
854 756
871 796
890 833
915 868
940 893
984 899
1047 891
1119 873
1191 850
1257 817
1300 761
1320 695
1322 622
1324 550
774 499
767 465
777 438
801 426
827 432
899 415
953 391
1018 390
1077 413
1126 455
875 491
860 504
843 517
827 532
845 619
858 619
874 616
902 609
933 604
796 548
805 519
833 514
868 529
839 541
812 548
974 512
998 481
1033 482
1072 501
1040 510
1003 514
876 754
859 686
870 655
890 655
915 649
971 670
1030 720
988 752
947 772
919 779
899 779
883 766
887 743
882 690
899 685
925 682
1008 715
934 735
907 739
889 740
