19.895 37.105
19.842 46.895
21.421 57.000
22.895 66.316
25.737 75.579
30.368 83.526
36.579 90.158
43.789 94.895
52.842 96.158
61.526 94.632
68.579 89.474
75.000 83.158
80.053 75.474
83.526 66.789
86.105 57.789
88.737 48.368
89.842 38.842
26.053 31.421
30.632 26.842
37.421 25.421
44.211 26.526
50.421 29.000
62.789 28.947
68.895 26.737
75.158 25.632
81.368 26.789
85.474 31.263
55.895 36.000
55.579 42.842
55.368 49.579
55.053 56.526
47.789 60.895
51.211 62.000
54.684 63.158
58.000 62.158
61.421 60.947
33.000 37.000
37.368 34.263
42.368 34.368
46.579 37.579
42.000 38.947
37.000 39.053
65.053 37.526
69.368 34.158
74.000 34.211
77.895 37.000
74.105 38.895
69.526 38.842
41.263 74.421
46.053 71.789
50.421 70.474
53.895 71.474
57.368 70.368
61.368 71.632
65.632 74.000
61.211 77.263
57.421 78.947
53.632 79.263
50.105 79.263
45.684 77.947
43.579 74.737
50.368 73.842
53.789 74.053
57.526 73.632
63.263 74.579
57.368 74.158
53.842 74.789
50.263 74.474
0.000 0.000
56.000 0.000
111.000 0.000
111.000 56.000
111.000 111.000
56.000 111.000
0.000 111.000
0.000 56.000
