20.254 38.863
21.077 47.948
22.583 56.877
24.598 65.739
27.768 74.209
32.856 81.707
39.566 87.655
47.485 91.994
56.375 93.293
65.143 91.913
72.775 87.407
79.285 81.351
84.186 73.927
87.135 65.565
88.739 56.786
89.987 47.943
90.723 39.062
26.759 29.983
31.767 26.995
37.547 26.049
43.479 26.629
48.991 28.417
61.660 28.236
67.199 26.257
73.126 25.481
78.966 26.429
83.888 29.260
55.633 35.874
55.711 41.442
55.808 46.933
55.864 52.411
48.134 57.933
51.924 59.077
55.819 59.529
59.577 59.107
63.043 58.080
33.000 37.000
37.376 34.655
42.276 34.625
46.363 37.211
42.003 38.235
37.616 38.288
64.628 37.249
68.635 34.493
73.579 34.463
78.000 37.000
73.345 38.223
68.971 38.138
42.327 69.969
46.338 67.325
50.989 65.812
55.808 66.505
60.610 65.961
65.107 67.610
69.132 70.029
65.431 73.155
60.989 75.231
56.027 75.731
50.825 75.197
46.195 73.051
46.074 69.770
50.799 68.905
55.823 69.153
60.763 68.986
65.347 69.897
60.812 70.823
55.911 71.365
50.722 70.813
0.000 0.000
56.000 0.000
111.000 0.000
111.000 56.000
111.000 111.000
56.000 111.000
0.000 111.000
0.000 56.000
