187 251
189 297
193 342
201 385
215 427
237 464
263 494
292 519
327 526
364 523
397 501
428 472
455 439
476 398
487 355
493 309
497 263
206 252
226 234
255 234
283 242
308 256
358 259
386 247
416 240
448 245
468 265
332 288
330 319
328 349
327 380
288 391
307 397
328 404
349 398
369 393
236 284
255 280
275 282
293 293
273 296
253 294
376 297
396 287
416 288
434 293
417 302
396 302
270 441
291 435
313 431
329 437
347 431
370 435
391 441
371 466
348 477
329 479
311 476
289 465
280 443
312 447
328 450
347 447
381 443
347 450
329 453
312 450
