187 252
189 298
193 344
201 387
215 428
238 465
263 495
293 520
327 527
364 523
397 502
427 473
454 439
474 398
486 355
492 309
495 262
206 251
226 234
255 234
282 242
308 255
359 257
387 246
416 240
447 244
468 262
332 288
331 319
329 349
327 380
288 391
307 397
328 403
349 398
370 393
236 284
255 280
276 281
293 293
273 296
253 294
377 296
396 286
416 287
435 292
417 301
397 302
269 442
290 435
313 431
329 437
347 431
371 435
392 442
372 467
348 479
329 481
311 479
289 467
279 444
312 448
329 450
347 447
382 443
347 451
330 453
313 451
