595 752
594 794
594 835
598 875
609 913
627 947
653 976
684 1000
719 1013
761 1015
803 1000
839 978
871 948
893 910
909 870
922 827
932 783
621 741
640 716
673 708
707 714
741 726
779 732
815 724
853 724
888 740
907 769
753 766
748 794
743 820
738 847
705 858
721 867
738 875
759 873
778 870
654 765
672 760
693 760
713 771
691 775
671 774
802 780
825 774
846 777
865 787
844 792
822 788
677 902
697 893
718 893
735 901
752 899
775 908
800 924
771 939
745 941
727 939
709 933
690 921
685 902
716 906
734 911
751 913
790 921
747 920
730 919
712 912
