372 637
365 688
360 746
370 805
386 861
408 918
436 966
471 1000
519 1008
588 1002
657 980
729 948
797 909
849 854
876 777
888 696
901 613
379 545
391 515
415 502
445 501
474 513
540 494
590 465
651 458
712 473
760 512
505 570
491 599
476 628
461 659
443 724
462 728
483 730
511 725
540 720
400 627
418 601
445 595
475 607
450 620
421 629
589 587
621 561
659 561
698 573
662 589
624 592
421 853
424 799
449 768
472 772
499 763
546 791
591 831
556 869
515 886
486 892
459 891
432 879
435 844
455 815
477 814
505 810
566 829
509 824
481 831
458 833
