1316 147
1317 205
1319 263
1333 320
1361 373
1396 417
1441 450
1490 475
1547 479
1605 466
1654 435
1697 397
1730 342
1748 280
1753 214
1752 148
1748 86
1375 99
1388 57
1423 29
1466 20
1506 26
1553 17
1587 -7
1627 -17
1668 -9
1694 24
1530 73
1531 111
1533 148
1534 187
1491 223
1516 231
1543 238
1570 225
1595 211
1418 120
1435 102
1457 93
1483 102
1460 109
1439 115
1589 79
1608 61
1630 55
1652 63
1633 71
1610 75
1462 301
1487 286
1512 279
1537 282
1556 275
1586 274
1622 286
1590 305
1562 316
1541 321
1518 321
1491 317
1474 299
1515 298
1539 298
1559 293
1610 288
1559 296
1539 300
1515 300
